   Data Used  : reionNNdataset_1000x63_7.dat
   INPUT_DIM  : 3
  HIDDEN_DIM  : 150
HIDDEN_DIM_2  : 100
HIDDEN_DIM_3  : None
     DROPOUT  : 0.2
  BATCH_SIZE  : 64
      EPOCHS  : 1000
  TIME_TO_FIT : 1579.295259475708
      VAL_R2  : 0.9967405788482182
      VAL_MSE : 0.000214038209089758
      VAL_MAE : 0.01115794699343424
