   Data Used  : reionNNdataset_1000x63_6.dat
   INPUT_DIM  : 3
  HIDDEN_DIM  : 150
HIDDEN_DIM_2  : 100
HIDDEN_DIM_3  : None
     DROPOUT  : 0.2
  BATCH_SIZE  : 64
      EPOCHS  : 4000
  TIME_TO_FIT : 43161.483191251755
      VAL_R2  : 0.9246481846249293
      VAL_MSE : 0.0007771713657203936
      VAL_MAE : 0.0106089471975371
