   Data Used  : reionNNdataset_1000x63_6.dat
   INPUT_DIM  : 4
  HIDDEN_DIM  : 150
HIDDEN_DIM_2  : 100
HIDDEN_DIM_3  : None
     DROPOUT  : 0.2
  BATCH_SIZE  : 64
      EPOCHS  : 4000
  TIME_TO_FIT : 35061.49884033203
      VAL_R2  : 0.925778701910897
      VAL_MSE : 0.0007775982473310525
      VAL_MAE : 0.0101918130616347
